1815
1826
1835
1846
1848
1880
1894
1909
1917
1919
1921
1926
1934
1954
1979
1982
2006
2077
2080
2082
2091
2144
2151
2157
2194
2207
2217
2232
2242
2265
2276
2352
2439
2491
2505
2520
2541
2623
2624
2630
2646
2664
2803
2867
2870
2899
2949
2972
3004
3022
3039
3112
3161
3251
3328
3393
3428
3449
3531
3532
3572
3597
3599
3601
3610
3634
3636
3647
3662
3697
3704
3743
3754
3823
3868
3943
3996
0029
0158
0357
0428
0490
0511
0607
0623
0706
0716
0777
0949
1062
1065
1120
1121
1152
1231
1251
1276
1361
1503
1724
4283
4318
4330
4348
4367
4421
4435
4583
4600
4638
4789
4873
4910
4926
5001
5158
5164
5165
5188
5279
5396
5479
5544
5545
5557
5558
5646
5568
5751
5815
5831
6099
6118
6489
6515
6606
6882
6941